
#
#Feature symbol names
#
$0 r6
$1 r10
$2 r8

#
#Layer features
#
A 1.5805 2.98 1.5725 2.98 1.5765 2.98 0 P 28 N
L 1.5725 2.98 1.5725 2.98 0 P 28
A 1.5725 2.98 1.5805 2.98 1.5765 2.98 0 P 28 N
A 2.0360890000 1.9597578 2.028089 1.9597578 2.032089 1.9597578 0 P 28 N
L 2.028089 1.9597578 2.028089 1.9597578 0 P 28
A 2.028089 1.9597578 2.0360890000 1.9597578 2.032089 1.9597578 0 P 28 N
A 2.32000000 1.055000000 2.31200000 1.055000000 2.31600000 1.055000000 0 P 28 N
L 2.31200000 1.055000000 2.31200000 1.055000000 0 P 28
A 2.31200000 1.055000000 2.32000000 1.055000000 2.31600000 1.055000000 0 P 28 N
L 1.0755194000 2.7350226000 1.0855162 2.7450194 1 P 13
L 1.0755194000 2.805 1.1255032000 2.805 1 P 13
L 1.1255032000 2.7650129 1.0755194000 2.7650129 1 P 13
L 1.1255032000 2.805 1.1355 2.7950032 1 P 13
L 1.1355 2.7250259 1.1355 2.7350226000 1 P 13
L 1.1355 2.7350226000 1.0755194000 2.7350226000 1 P 13
L 1.1355 2.7450194 1.1355 2.7250259 1 P 13
L 1.1355 2.7750097 1.1255032000 2.7650129 1 P 13
L 1.1355 2.7950032 1.1355 2.7750097 1 P 13
L 1.22250000 2.725 1.22250000 2.74 0 P 28
L 1.22250000 2.725 1.2375 2.725 0 P 28
L 1.22250000 3.02 1.22250000 3.035 0 P 28
L 1.22250000 3.035 1.2375 3.035 0 P 28
L 1.4675 2.725 1.4825 2.725 0 P 28
L 1.4675 3.035 1.4825 3.035 0 P 28
L 1.4825 2.725 1.4825 2.74 0 P 28
L 1.4825 3.02 1.4825 3.035 0 P 28
L 1.5396851 2.755 1.5396851 2.805 0 P 28
L 1.5396851 2.755 1.5396851 2.805 0 P 28
L 1.5396851 2.755 1.6296851000 2.755 0 P 28
L 1.5396851 2.755 1.6296851000 2.755 0 P 28
L 1.5396851 2.805 1.6296851000 2.805 0 P 28
L 1.5396851 2.805 1.6296851000 2.805 0 P 28
L 1.5430259 2.838 1.5530226000 2.838 1 P 13
L 1.5530226000 2.838 1.5530226000 2.8979806000 1 P 13
L 1.5530226000 2.8979806000 1.5630194 2.8879838000 1 P 13
L 1.5630194 2.838 1.5430259 2.838 1 P 13
L 1.5830129 2.8679903000 1.5930097 2.8579935 1 P 13
L 1.5830129 2.8879838000 1.5830129 2.8679903000 1 P 13
L 1.5930097 2.8579935 1.623 2.8579935 1 P 13
L 1.5930097 2.8979806000 1.5830129 2.8879838000 1 P 13
L 1.6030065000 2.8579935 1.5830129 2.838 1 P 13
L 1.623 2.838 1.623 2.8979806000 1 P 13
L 1.623 2.8979806000 1.5930097 2.8979806000 1 P 13
L 1.6296851000 2.755 1.6296851000 2.805 0 P 28
L 1.6296851000 2.755 1.6296851000 2.805 0 P 28
L 1.8450129 2.0700097 1.8550096 2.0700097 1 P 13
L 1.8550096 2.0700097 1.8550096 2.1299903000 1 P 13
L 1.8550096 2.1299903000 1.8650064 2.1199935 1 P 13
L 1.8650064 2.0700097 1.8450129 2.0700097 1 P 13
L 1.8849999000 2.1299903000 1.9049935 2.1299903000 1 P 13
L 1.894996700 2.0800065 1.9049935 2.0700097 1 P 13
L 1.894996700 2.1299903000 1.894996700 2.0800065 1 P 13
L 1.8996063 1.9433216 1.8996063 1.9826916 2 P 29
L 1.9049935 2.0700097 1.914990200 2.0700097 1 P 13
L 1.9049935 2.1299903000 1.894996700 2.1299903000 1 P 13
L 1.914990200 2.0700097 1.924987 2.0800065 1 P 13
L 1.9488189000 1.894109000 1.9881889 1.894109000 2 P 29
L 1.9488189000 2.0319042 1.9881889 2.0319042 2 P 29
L 1.9620323 2.217 2.0020194 2.217 1 P 13
L 1.9620323 2.2569871 1.9620323 2.2669838000 1 P 13
L 1.9620323 2.2669838000 1.9720291 2.2769806 1 P 13
L 1.9720291 2.2769806 1.992022600 2.2769806 1 P 13
L 1.979063 2.133879300 1.979063 2.1838793000 0 P 28
L 1.979063 2.133879300 1.979063 2.1838793000 0 P 28
L 1.979063 2.133879300 2.0690630000 2.133879300 0 P 28
L 1.979063 2.133879300 2.0690630000 2.133879300 0 P 28
L 1.979063 2.1838793000 2.0690630000 2.1838793000 0 P 28
L 1.979063 2.1838793000 2.0690630000 2.1838793000 0 P 28
L 1.992022600 2.2769806 2.0020194 2.2669838000 1 P 13
L 2.0020194 2.217 1.9620323 2.2569871 1 P 13
L 2.0220129 2.2469903000 2.0320097 2.2369935 1 P 13
L 2.0220129 2.2669838000 2.0220129 2.2469903000 1 P 13
L 2.0320097 2.2369935 2.062000000 2.2369935 1 P 13
L 2.0320097 2.2769806 2.0220129 2.2669838000 1 P 13
L 2.0374015 1.9433216 2.0374015 1.9826916 2 P 29
L 2.042006500 2.2369935 2.0220129 2.217 1 P 13
L 2.062000000 2.217 2.062000000 2.2769806 1 P 13
L 2.062000000 2.2769806 2.0320097 2.2769806 1 P 13
L 2.0690630000 2.133879300 2.0690630000 2.1838793000 0 P 28
L 2.0690630000 2.133879300 2.0690630000 2.1838793000 0 P 28
L 2.126089 1.9047578 2.126089 1.9197578 0 P 28
L 2.126089 1.9047578 2.141089 1.9047578 0 P 28
L 2.126089 2.1997578 2.126089 2.2147578000 0 P 28
L 2.126089 2.2147578000 2.141089 2.2147578000 0 P 28
L 2.1440791 2.243889 2.1840662000 2.243889 1 P 13
L 2.1440791 2.2838761 2.1440791 2.2938728000 1 P 13
L 2.1440791 2.2938728000 2.1540759000 2.3038696000 1 P 13
L 2.1540759000 2.3038696000 2.1740694 2.3038696000 1 P 13
L 2.1740694 2.3038696000 2.1840662000 2.2938728000 1 P 13
L 2.1840662000 2.243889 2.1440791 2.2838761 1 P 13
L 2.2040597000 2.2538858 2.2040597000 2.3038696000 1 P 13
L 2.2140565 2.243889 2.2040597000 2.2538858 1 P 13
L 2.23405 2.243889 2.2140565 2.243889 1 P 13
L 2.2380323 1.3229968 2.2480291000 1.313 1 P 13
L 2.2380323 1.3329935 2.2380323 1.3229968 1 P 13
L 2.2380323 1.3529871 2.2480291000 1.3429903 1 P 13
L 2.2380323 1.3629838 2.2380323 1.3529871 1 P 13
L 2.2440468000 2.2538858 2.23405 2.243889 1 P 13
L 2.2440468000 2.3038696000 2.2440468000 2.2538858 1 P 13
L 2.2480291000 1.313 2.2680226 1.313 1 P 13
L 2.2480291000 1.3429903 2.2380323 1.3329935 1 P 13
L 2.2480291000 1.3429903 2.2580259 1.3429903 1 P 13
L 2.2480291000 1.3729806 2.2380323 1.3629838 1 P 13
L 2.255 1.23 2.255 1.28 0 P 28
L 2.255 1.23 2.255 1.28 0 P 28
L 2.255 1.23 2.345 1.23 0 P 28
L 2.255 1.23 2.345 1.23 0 P 28
L 2.255 1.28 2.345 1.28 0 P 28
L 2.255 1.28 2.345 1.28 0 P 28
L 2.2580259 1.3429903 2.2480291000 1.3429903 1 P 13
L 2.2680226 1.313 2.2780194 1.3229968 1 P 13
L 2.2680226 1.3729806 2.2480291000 1.3729806 1 P 13
L 2.2780194 1.3629838 2.2680226 1.3729806 1 P 13
L 2.2980129000 1.3429903 2.3080097000 1.3329935 1 P 13
L 2.2980129000 1.3629838 2.2980129000 1.3429903 1 P 13
L 2.3080097000 1.3329935 2.338 1.3329935 1 P 13
L 2.3080097000 1.3729806 2.2980129000 1.3629838 1 P 13
L 2.3180065 1.3329935 2.2980129000 1.313 1 P 13
L 2.338 1.313 2.338 1.3729806 1 P 13
L 2.338 1.3729806 2.3080097000 1.3729806 1 P 13
L 2.345 1.23 2.345 1.28 0 P 28
L 2.345 1.23 2.345 1.28 0 P 28
L 2.3710890000 1.9047578 2.386089 1.9047578 0 P 28
L 2.3710890000 2.2147578000 2.386089 2.2147578000 0 P 28
L 2.386089 1.9047578 2.386089 1.9197578 0 P 28
L 2.386089 2.1997578 2.386089 2.2147578000 0 P 28
L 2.41 1 2.41 1.0150000000 0 P 28
L 2.41 1 2.42500000 1 0 P 28
L 2.41 1.295 2.41 1.31 0 P 28
L 2.41 1.31 2.42500000 1.31 0 P 28
L 2.6170323 1.3599968 2.6270291 1.35 1 P 13
L 2.6170323 1.3699935 2.6170323 1.3599968 1 P 13
L 2.6170323 1.3899871 2.6270291 1.3799903000 1 P 13
L 2.6170323 1.3999838000 2.6170323 1.3899871 1 P 13
L 2.6270291 1.35 2.6470226 1.35 1 P 13
L 2.6270291 1.3799903000 2.6170323 1.3699935 1 P 13
L 2.6270291 1.3799903000 2.6370259 1.3799903000 1 P 13
L 2.6270291 1.4099806 2.6170323 1.3999838000 1 P 13
L 2.6370259 1.3799903000 2.6270291 1.3799903000 1 P 13
L 2.6470226 1.35 2.6570194000 1.3599968 1 P 13
L 2.6470226 1.4099806 2.6270291 1.4099806 1 P 13
L 2.6550000000 1 2.67 1 0 P 28
L 2.6550000000 1.31 2.67 1.31 0 P 28
L 2.6570194000 1.3999838000 2.6470226 1.4099806 1 P 13
L 2.67 1 2.67 1.0150000000 0 P 28
L 2.67 1.295 2.67 1.31 0 P 28
L 2.6770129000 1.3599968 2.6770129000 1.4099806 1 P 13
L 2.6870097000 1.35 2.6770129000 1.3599968 1 P 13
L 2.7070032 1.35 2.6870097000 1.35 1 P 13
L 2.717 1.3599968 2.7070032 1.35 1 P 13
L 2.717 1.4099806 2.717 1.3599968 1 P 13
