
#
#Feature symbol names
#
$0 r10

#
#Layer features
#
L 0.1112598000 2.2529921000 0.1112599000 1.6729921 0 P 13
L 0.1112598000 2.2529921000 0.4212598000 2.2529921000 0 P 13
L 0.1112599000 1.6729921 0.4212598000 1.6729921 0 P 13
L 0.3355065 2.3015085000 0.3355065 2.3115052000 0 P 13
L 0.3355065 2.3115052000 0.3954871 2.3115052000 0 P 13
L 0.3355065 2.3215020000 0.3355065 2.3015085000 0 P 13
L 0.3355065 2.3814826 0.3954871 2.3814826 0 P 13
L 0.3555 2.3514923 0.3555 2.3814826 0 P 13
L 0.3654968 2.3414955 0.3555 2.3514923 0 P 13
L 0.3854903 2.3414955 0.3654968 2.3414955 0 P 13
L 0.3954871 2.3115052000 0.3854903 2.3215020000 0 P 13
L 0.3954871 2.3514923 0.3854903 2.3414955 0 P 13
L 0.3954871 2.3814826 0.3954871 2.3514923 0 P 13
L 0.4212598000 1.6729921 0.4212598000 2.2529921000 0 P 13
L 1.4950162 3.7350097 1.4950162 3.7949903000 0 P 13
L 1.4950162 3.7949903000 1.5250065 3.7949903000 0 P 13
L 1.5250065 3.7550032 1.4950162 3.7550032 0 P 13
L 1.5250065 3.7949903000 1.5350033 3.7849935 0 P 13
L 1.5350033 3.765 1.5250065 3.7550032 0 P 13
L 1.5350033 3.7849935 1.5350033 3.765 0 P 13
L 1.5549968 3.7350097 1.5949839000 3.7749968 0 P 13
L 1.5649936000 3.7949903000 1.5549968 3.7849935 0 P 13
L 1.5849871000 3.7949903000 1.5649936000 3.7949903000 0 P 13
L 1.5949839000 3.7350097 1.5549968 3.7350097 0 P 13
L 1.5949839000 3.7749968 1.5949839000 3.7849935 0 P 13
L 1.5949839000 3.7849935 1.5849871000 3.7949903000 0 P 13
L 1.6785039 3.510748 1.6785039 3.8207479 0 P 13
L 1.6785039 3.510748 2.2585039000 3.510748 0 P 13
L 1.6785039 3.8207479 2.2585039000 3.820748 0 P 13
L 1.6785040000 0.1052362 1.6785040000 0.4152361000 0 P 13
L 1.6785040000 0.1052362 2.2585040000 0.1052362 0 P 13
L 1.6785040000 0.4152361000 2.2585040000 0.4152362 0 P 13
L 1.6840001000 0.45 1.6840001000 0.5099806 0 P 13
L 1.6840001000 0.5099806 1.7139904 0.5099806 0 P 13
L 1.7139904 0.4699935 1.6840001000 0.4699935 0 P 13
L 1.7139904 0.5099806 1.7239872 0.4999838 0 P 13
L 1.7239872 0.4799903 1.7139904 0.4699935 0 P 13
L 1.7239872 0.4999838 1.7239872 0.4799903 0 P 13
L 1.743980700 0.4799903 1.7839678 0.4799903 0 P 13
L 1.773971 0.45 1.773971 0.5099806 0 P 13
L 1.773971 0.5099806 1.743980700 0.4799903 0 P 13
L 2.2585039000 3.510748 2.2585039000 3.820748 0 P 13
L 2.2585040000 0.1052362 2.2585040000 0.4152362 0 P 13
L 3.5167717 2.2529921000 3.5167718 1.6729921 0 P 13
L 3.5167717 2.2529921000 3.8267717 2.2529921000 0 P 13
L 3.5167718 1.6729921 3.8267717 1.6729921 0 P 13
L 3.522 2.28800000 3.522 2.3479806 0 P 13
L 3.522 2.3479806 3.5519903 2.3479806 0 P 13
L 3.5519903 2.3079935 3.522 2.3079935 0 P 13
L 3.5519903 2.3479806 3.5619871 2.3379838 0 P 13
L 3.5619871 2.3179903 3.5519903 2.3079935 0 P 13
L 3.5619871 2.3379838 3.5619871 2.3179903 0 P 13
L 3.581980600 2.3379838 3.5919774 2.3479806 0 P 13
L 3.5919774 2.28800000 3.581980600 2.2979968 0 P 13
L 3.5919774 2.3479806 3.6119709 2.3479806 0 P 13
L 3.6019741 2.3179903 3.6119709 2.3179903 0 P 13
L 3.6119709 2.28800000 3.5919774 2.28800000 0 P 13
L 3.6119709 2.3179903 3.6019741 2.3179903 0 P 13
L 3.6119709 2.3179903 3.6219677 2.3079935 0 P 13
L 3.6119709 2.3479806 3.6219677 2.3379838 0 P 13
L 3.6219677 2.2979968 3.6119709 2.28800000 0 P 13
L 3.6219677 2.3079935 3.6219677 2.2979968 0 P 13
L 3.6219677 2.3279871 3.6119709 2.3179903 0 P 13
L 3.6219677 2.3379838 3.6219677 2.3279871 0 P 13
L 3.8267717 1.6729921 3.8267717 2.2529921000 0 P 13
