#Layer_Color=9474304
#
#Feature symbol names
#
$0 r5

#
#Feature attribute names
#

#
#Layer features
#
L 0.1304361 1.1756051 0.2642943 1.1756051 0 P 0
L 0.1304361 2.7504082 0.2642943 2.7504082 0 P 0
L 0.1973652 1.108676 0.1973652 1.2425342 0 P 0
L 0.1973652 2.6834791 0.1973652 2.8173373 0 P 0
L 0.4440945 1.9629921 0.4559055 1.9629921 0 P 0
L 0.45 1.9570866 0.45 1.9688976 0 P 0
L 0.473667 1.9629921 0.485478 1.9629921 0 P 0
L 0.4795725 1.9570866 0.4795725 1.9688976 0 P 0
L 1.9010035 1.9130066 1.9360035 1.9130066 0 P 0
L 1.9010035 2.0130066 1.9360035 2.0130066 0 P 0
L 1.9185035 1.8955066 1.9185035 1.9305066 0 P 0
L 1.9185035 1.9955066 1.9185035 2.0305066 0 P 0
L 1.9510035 1.9630066 1.9860035 1.9630066 0 P 0
L 1.9625984 3.4612888 1.9744094 3.4612888 0 P 0
L 1.9625984 3.49 1.9744094 3.49 0 P 0
L 1.9625985 0.435 1.9744095 0.435 0 P 0
L 1.9625985 0.4651105 1.9744095 0.4651105 0 P 0
L 1.9685035 1.9455066 1.9685035 1.9805066 0 P 0
L 1.9685039 3.4553833 1.9685039 3.4671943 0 P 0
L 1.9685039 3.4840945 1.9685039 3.4959055 0 P 0
L 1.968504 0.4290945 1.968504 0.4409055 0 P 0
L 1.968504 0.459205 1.968504 0.471016 0 P 0
L 2.0010035 1.9130066 2.0360035 1.9130066 0 P 0
L 2.0010035 2.0130066 2.0360035 2.0130066 0 P 0
L 2.0185035 1.8955066 2.0185035 1.9305066 0 P 0
L 2.0185035 1.9955066 2.0185035 2.0305066 0 P 0
L 3.4536797 1.9629921 3.4654907 1.9629921 0 P 0
L 3.4595852 1.9570866 3.4595852 1.9688976 0 P 0
L 3.4840945 1.9629921 3.4959055 1.9629921 0 P 0
L 3.49 1.9570866 3.49 1.9688976 0 P 0
L 3.6727127 1.175605 3.8065709 1.175605 0 P 0
L 3.6727127 2.7504081 3.8065709 2.7504081 0 P 0
L 3.7396418 1.1086759 3.7396418 1.2425341 0 P 0
L 3.7396418 2.683479 3.7396418 2.8173372 0 P 0
