#Layer_Color=9474304
#
#Feature symbol names
#
$0 r6.6666
$1 r5

#
#Feature attribute names
#

#
#Layer features
#
A 0.47 1.9629921 0.47 1.9629921 0.45 1.9629921 0 P 0 N
A 0.4995725 1.9629921 0.4995725 1.9629921 0.4795725 1.9629921 0 P 0 N
A 1.9885039 3.4612888 1.9885039 3.4612888 1.9685039 3.4612888 0 P 0 N
A 1.9885039 3.49 1.9885039 3.49 1.9685039 3.49 0 P 0 N
A 1.988504 0.435 1.988504 0.435 1.968504 0.435 0 P 0 N
A 1.988504 0.4651105 1.988504 0.4651105 1.968504 0.4651105 0 P 0 N
A 3.4795852 1.9629921 3.4795852 1.9629921 3.4595852 1.9629921 0 P 0 N
A 3.51 1.9629921 3.51 1.9629921 3.49 1.9629921 0 P 0 N
L 0.1773652 1.1956051 0.1973652 1.1556051 1 P 0
L 0.1773652 1.1956051 0.2173652 1.1956051 1 P 0
L 0.1773652 2.7704082 0.1973652 2.7304082 1 P 0
L 0.1773652 2.7704082 0.2173652 2.7704082 1 P 0
L 0.1973652 1.1556051 0.2173652 1.1956051 1 P 0
L 0.1973652 2.7304082 0.2173652 2.7704082 1 P 0
L 1.8985035 1.8930066 1.8985035 1.9330066 1 P 0
L 1.8985035 1.8930066 1.9385035 1.8930066 1 P 0
L 1.8985035 1.9330066 1.9385035 1.9330066 1 P 0
L 1.8985035 1.9930066 1.8985035 2.0330066 1 P 0
L 1.8985035 1.9930066 1.9385035 1.9930066 1 P 0
L 1.8985035 2.0330066 1.9385035 2.0330066 1 P 0
L 1.9385035 1.8930066 1.9385035 1.9330066 1 P 0
L 1.9385035 1.9930066 1.9385035 2.0330066 1 P 0
L 1.9485035 1.9430066 1.9485035 1.9830066 1 P 0
L 1.9485035 1.9430066 1.9885035 1.9430066 1 P 0
L 1.9485035 1.9830066 1.9885035 1.9830066 1 P 0
L 1.9885035 1.9430066 1.9885035 1.9830066 1 P 0
L 1.9985035 1.8930066 1.9985035 1.9330066 1 P 0
L 1.9985035 1.8930066 2.0385035 1.8930066 1 P 0
L 1.9985035 1.9330066 2.0385035 1.9330066 1 P 0
L 1.9985035 1.9930066 1.9985035 2.0330066 1 P 0
L 1.9985035 1.9930066 2.0385035 1.9930066 1 P 0
L 1.9985035 2.0330066 2.0385035 2.0330066 1 P 0
L 2.0385035 1.8930066 2.0385035 1.9330066 1 P 0
L 2.0385035 1.9930066 2.0385035 2.0330066 1 P 0
L 3.7196418 1.195605 3.7396418 1.155605 1 P 0
L 3.7196418 1.195605 3.7596418 1.195605 1 P 0
L 3.7196418 2.7704081 3.7396418 2.7304081 1 P 0
L 3.7196418 2.7704081 3.7596418 2.7704081 1 P 0
L 3.7396418 1.155605 3.7596418 1.195605 1 P 0
L 3.7396418 2.7304081 3.7596418 2.7704081 1 P 0
